resultados 

fold 0
('precision : ', 0.84415108475283085)


('f1 : ', 0.83291056120265305)


('recall : ', 0.82795698924731187)


[[ 89   5   6   3   5   4   0   0]
 [  3  69   0   5   0   0  19   0]
 [  0   0 331   0   1   5   1  13]
 [  0   3   2  38   0   0  30   0]
 [  3   0   0   2 229  13   0   3]
 [  2   0   0   5  15  12   0   0]
 [  0   7   0  11   0   0  44   0]
 [  0   0   3   0   0   0   7  35]]


fold 1

('precision : ', 0.85640809971362919)


('f1 : ', 0.858350796142204)


('recall : ', 0.86973555337904018)


[[ 95   2   0   0   9   2   0   0]
 [  7  80   0   2   0   0   0   0]
 [  1  11 355   0   0   0   6   0]
 [  5   0   0  60   3   0  10   0]
 [  4   1   0   4 191   1   0   0]
 [ 14   0   0   0  19   1   0   1]
 [  1   2   0  20   0   0  57   0]
 [  0   0   7   0   1   0   0  49]]


 fold 2
 ('precision : ', 0.87316026650064238)


('f1 : ', 0.87452456399763423)


('recall : ', 0.88113948919449903)


[[109   2   0   1   8   8   0   0]
 [  3  93   0   0   0   0   0   0]
 [  1   3 348   0   0   0   0   0]
 [  2   8   0  23   1   0  28   0]
 [  1   0   2   0 201   4   0   2]
 [  5   0   0   0  16  13   0   0]
 [  0   5   0  16   0   0  65   0]
 [  0   0   5   0   0   0   0  45]]