
fold 0 

accuracy : 0.330769
'precision : ', 0.11772344579079987)


('f1 : ', 0.17529997822996835)


('recall : ', 0.34310850439882695)

confusion matrix
[[  0   0 112   0   0   0   0   0]
 [  0   0  96   0   0   0   0   0]
 [  0   0 351   0   0   0   0   0]
 [  0   0  73   0   0   0   0   0]
 [  0   0 250   0   0   0   0   0]
 [  0   0  34   0   0   0   0   0]
 [  0   0  62   0   0   0   0   0]
 [  0   0  45   0   0   0   0   0]]

 
 fold 1

accuracy :  0.384615
('precision : ', 0.13346462773432741)


('f1 : ', 0.19550557376864891)


('recall : ', 0.36532810969637608)

confusion matrix
[[  0   0 108   0   0   0   0   0]
 [  0   0  89   0   0   0   0   0]
 [  0   0 373   0   0   0   0   0]
 [  0   0  78   0   0   0   0   0]
 [  0   0 201   0   0   0   0   0]
 [  0   0  35   0   0   0   0   0]
 [  0   0  80   0   0   0   0   0]
 [  0   0  57   0   0   0   0   0]]


fold 2

accuracy : 0.342308
('precision : ', 0.11956106391437427)


('f1 : ', 0.17768344972968322)


('recall : ', 0.34577603143418467)


[[  0   0 128   0   0   0   0   0]
 [  0   0  96   0   0   0   0   0]
 [  0   0 352   0   0   0   0   0]
 [  0   0  62   0   0   0   0   0]
 [  0   0 210   0   0   0   0   0]
 [  0   0  34   0   0   0   0   0]
 [  0   0  86   0   0   0   0   0]


